kinematics:
  shoulder:
    x: 0
    y: 0
    z: 0.1519807447110652
    roll: -0
    pitch: 0
    yaw: 2.309374415038147e-05
  upper_arm:
    x: -0.0001471740872974486
    y: 0
    z: 0
    roll: 1.571157729552282
    pitch: 0
    yaw: -0.0001421208372065932
  forearm:
    x: -0.2435118555596205
    y: 0
    z: 0
    roll: 0.002910970007300933
    pitch: -0.0018158384837074
    yaw: -3.001602387474084e-05
  wrist_1:
    x: -0.2130870504450654
    y: -0.0002106397643198443
    z: 0.1124647375036313
    roll: 0.001872938333333588
    pitch: 0.002824208677192341
    yaw: -4.551283754946561e-05
  wrist_2:
    x: -1.800294964593209e-05
    y: -0.08528836040875466
    z: -1.247584067915154e-05
    roll: 1.570942605144373
    pitch: 0
    yaw: -4.342873234308102e-05
  wrist_3:
    x: -3.283488988164423e-05
    y: 0.08231695201272693
    z: -3.66528165973797e-05
    roll: 1.57035106232289
    pitch: 3.141592653589793
    yaw: -3.141500596003521
  hash: calib_11548326542148870875